1 0.322479 0.040490 0.043067 0.003915
3 0.329832 0.069751 0.058824 0.004739
45 0.500000 0.046878 0.399160 0.005976
45 0.500000 0.062023 0.398109 0.007006
45 0.500263 0.076035 0.397584 0.006182
45 0.500525 0.095096 0.397059 0.007212
45 0.499737 0.109623 0.397584 0.006182
45 0.500525 0.124459 0.398109 0.006594
2 0.321429 0.055121 0.043067 0.003503
55 0.358456 0.082526 0.118172 0.003503
56 0.347689 0.039769 0.003151 0.002061
56 0.347426 0.054296 0.005777 0.001855
56 0.362920 0.069132 0.004202 0.001442
56 0.363971 0.102823 0.004202 0.001648
